image: /home/suo/robots_map.pgm
resolution: 0.050000
origin: [-100.100001, -200.050003, 0.000000]
negate: 0
occupied_thresh: 0.65
free_thresh: 0.196

