image: ./maps/carto_map.pgm
resolution: 0.050000
origin: [-4.767262, -5.126551, 0.000000]
negate: 0
occupied_thresh: 0.65
free_thresh: 0.196

